0
20500
0
45000
0
72500			
0
89000
0
90000
1
109000		
1
129000
1
143500
0
145500				
0
157000
1
158500
0
170000
1
171000
0
195000
0
197100
0
197200
1
197300
2
197400
0
199000
1
199100
2
199200
1
210000
1
2101000
0	
224000
1
224100
0
224200
1
232000
2
232100
1
235000
0
243000
0
243100
1
243200
2
243300
2
252000
0
252100
1
252200						
0
261000
1
261100			
0
262500
1
262600
2
272000
1
272100
1
272200
0
284000
1
284100
1
284200
0
294000
1
294100
2
294200
1
295000	
0
320000
2
322500
1
322600
2
322700
0
322800
0
323500
0
323600
0
323700
0
323800
0
326000
1
326100
0
326200
