0
10500
0
25000
1
32500			
2
49000
2
60000
1
79000		
1
99000
1
123500
0
145500				
0
157000
1
158500
0
170000
1
171000
0
195000
2
197100
2
197200
1
197300
2
197400
2
199000
1
199100
2
199200
2
210000
1
2101000
0	
224000
2
224100
0
224200
2
232000
2
232100
1
235000
2
243000
0
243100
1
243200
2
243300
2
252000
0
252100
1
252200						
0
261000
1
261100			
0
262500
1
262600
2
272000
2
272100
2
272200
0
284000
1
284100
1
284200
2
294000
1
294100
2
294200
1
295000	
0
320000
2
322500
1
322600
2
322700
0
322800
2
323500
1
323600
1
323700
2
323800
0
326000
1
326100
2
326200
